1.761995
1.761995
1.555437
1.555437
1.745614
1.745614
1.687271
1.687271
1.726917
1.726917
1.755023
1.755023
1.706184
1.706184
1.764306
1.764306
1.79114
1.79114
1.746277
1.746277
1.772648
1.772648
1.786417
1.786417
1.621747
1.621747
1.767998
1.767998
1.524404
1.524404
1.64892
1.64892
1.599161
1.599161
1.533688
1.533688
1.562352
1.562352
1.56353
1.56353
1.718632
1.718632
1.759305
1.759305
1.766821
1.766821
1.698855
1.698855
1.777455
1.777455
1.809535
1.809535
1.771665
1.771665
1.514443
1.514443
1.777552
1.777552
1.762491
1.762491
1.630948
1.630948
1.596979
1.596979
1.787918
1.787918
1.7826
1.7826
1.760014
1.760014
1.777256
1.777256
1.599622
1.599622
1.494769
1.494769
1.547751
1.547751
1.756599
1.756599
1.702763
1.702763
1.772563
1.772563
1.785093
1.785093
1.57417
1.57417
1.679795
1.679795
1.550717
1.550717
1.580654
1.580654
1.732966
1.732966
1.586242
1.586242
1.758572
1.758572
1.596845
1.596845
1.777389
1.777389
1.542207
1.542207
1.747067
1.747067
1.479404
1.479404
1.778464
1.778464
1.468167
1.468167
1.756734
1.756734
1.519889
1.519889
1.795733
1.795733
1.71453
1.71453
1.599351
1.599351
1.51328
1.51328
1.584766
1.584766
1.646314
1.646314
1.529459
1.529459
1.420832
1.420832
1.54977
1.54977
1.543529
1.543529
1.461361
1.461361
1.581639
1.581639
1.653562
1.653562
1.571339
1.571339
1.579743
1.579743
1.570993
1.570993
1.749994
1.749994
1.608176
1.608176
1.533383
1.533383
1.632101
1.632101
1.614307
1.614307
1.574519
1.574519
1.75805
1.75805
1.632094
1.632094
1.625381
1.625381
1.707291
1.707291
1.604278
1.604278
1.633734
1.633734
1.480437
1.480437
1.674033
1.674033
1.538602
1.538602
1.617472
1.617472
1.568406
1.568406
1.619622
1.619622
1.725132
1.725132
1.54825
1.54825
1.824585
1.824585
1.800994
1.800994
1.494664
1.494664
1.749758
1.749758
1.588946
1.588946
1.733876
1.733876
1.750404
1.750404
1.753381
1.753381
1.628765
1.628765
1.774786
1.774786
1.613159
1.613159
1.484162
1.484162
1.579892
1.579892
1.764396
1.764396
1.538262
1.538262
1.545326
1.545326
1.450858
1.450858
1.5552
1.5552
1.612338
1.612338
1.594364
1.594364
1.596702
1.596702
1.600002
1.600002
1.531444
1.531444
1.538741
1.538741
1.772501
1.772501
1.580756
1.580756
1.726143
1.726143
1.501295
1.501295
1.791679
1.791679
1.699127
1.699127
1.69611
1.69611
1.779809
1.779809
1.663991
1.663991
1.722328
1.722328
1.755893
1.755893
1.681945
1.681945
1.667676
1.667676
1.615279
1.615279
1.749013
1.749013
1.671537
1.671537
1.781871
1.781871
1.489061
1.489061
1.734578
1.734578
1.541199
1.541199
1.596392
1.596392
1.755664
1.755664
1.674869
1.674869
1.742816
1.742816
1.764555
1.764555
1.828994
1.828994
1.718288
1.718288
1.779571
1.779571
1.501573
1.501573
1.751866
1.751866
1.700674
1.700674
1.751826
1.751826
1.599654
1.599654
1.549281
1.549281
1.508285
1.508285
1.481439
1.481439
1.543127
1.543127
1.816634
1.816634
1.621445
1.621445
1.505845
1.662272
1.569735
1.569735
1.563656
1.563656
1.456992
1.456992
1.578608
1.578608
1.664766
1.664766
1.580342
1.580342
1.49948
1.49948
1.582643
1.582643
1.476569
1.562306
1.654599
1.654599
1.470599
1.470599
1.712717
1.712717
1.482409
1.482409
1.517046
1.517046
1.57705
1.57705
1.493977
1.493977
1.523126
1.523126
1.58369
1.58369
1.555391
1.555391
1.596751
1.596751
1.585088
1.585088
1.571876
1.571876
1.461075
1.461075
1.538901
1.538901
1.53028
1.53028
1.626183
1.626183
1.64462
1.64462
1.548024
1.548024
1.575015
1.575015
1.517315
1.517315
1.601387
1.601387
1.712567
1.712567
1.753359
1.753359
1.801593
1.801593
1.510926
1.510926
1.542021
1.542021
1.475195
1.475195
1.803149
1.803149
1.593029
1.593029
1.564721
1.564721
1.430335
1.430335
1.530909
1.530909
1.465092
1.465092
1.551695
1.551695
1.497428
1.497428
1.626971
1.626971
1.616833
1.616833
1.687373
1.559797
1.599084
1.599084
1.622461
1.622461
1.549
1.509587
1.507173
1.507173
1.63295
1.63295
1.678794
1.678794
1.756378
1.756378
1.613407
1.613407
1.580238
1.580238
1.67948
1.67948
1.732882
1.732882
1.680196
1.680196
1.542135
1.542135
1.665366
1.665366
1.700778
1.700778
1.765899
1.765899
1.593682
1.593682
1.789877
1.789877
1.787721
1.773165
1.757293
1.757293
1.456976
1.456976
1.772727
1.705687
1.589142
1.589142
1.751186
1.751186
1.572289
1.572289
1.656871
1.656871
1.728099
1.728099
1.777699
1.777699
1.710587
1.710587
1.449071
1.449071
1.70727
1.70727
1.602001
1.602001
1.534695
1.534695
1.597034
1.597034
1.637428
1.637428
1.594623
1.594623
1.533928
1.533928
1.648399
1.648399
1.748624
1.748624
1.555137
1.555137
1.65669
1.65669
1.693521
1.693521
1.67177
1.67177
1.773238
1.773238
1.623282
1.623282
1.550656
1.550656
1.689173
1.689173
1.780897
1.780897
1.743333
1.743333
1.793195
1.793195
1.640289
1.640289
1.605721
1.605721
1.692368
1.692368
1.647563
1.647563
1.724544
1.724544
1.621037
1.621037
1.737448
1.737448
1.764261
1.764261
1.792226
1.792226
1.794073
1.794073
1.625169
1.625169
1.563865
1.563865
1.777339
1.777339
1.584243
1.584243
1.772416
1.772416
1.61529
1.61529
1.822424
1.822424
1.748337
1.748337
1.422475
1.422475
1.80316
1.80316
1.731961
1.731961
1.752819
1.668778
1.670814
1.670814
1.677953
1.677953
1.600448
1.600448
1.582897
1.582897
1.529522
1.529522
1.750438
1.750438
1.619048
1.619048
1.594851
1.594851
1.70045
1.70045
1.577581
1.577581
1.75875
1.75875
1.629935
1.629935
1.573666
1.573666
1.655858
1.655858
1.713008
1.713008
1.778454
1.778454
1.754393
1.754393
1.777715
1.777715
1.637965
1.637965
1.669072
1.669072
1.66345
1.66345
1.557181
1.557181
1.657124
1.657124
1.451153
1.574016
1.573076
1.573076
1.566029
1.566029
1.558297
1.558297
1.791906
1.791906
1.651442
1.651442
1.738363
1.738363
1.565316
1.565316
1.74094
1.74094
1.590263
1.590263
1.593842
1.593842
1.797042
1.797042
1.797759
1.797759
1.762591
1.762591
1.779908
1.779908
1.582851
1.582851
1.537364
1.537364
1.571319
1.571319
1.701058
1.701058
1.610567
1.610567
1.594863
1.594863
1.701046
1.701046
1.585723
1.585723
1.654816
1.654816
1.646944
1.646944
1.480668
1.480668
1.541999
1.541999
1.464111
1.464111
1.620603
1.620603
1.484758
1.484758
1.775587
1.775587
1.795164
1.795164
1.715532
1.715532
1.741147
1.741147
1.603265
1.603265
1.724705
1.724705
1.791639
1.791639
1.63625
1.63625
1.783188
1.783188
1.68204
1.727477
1.62274
1.62274
1.721407
1.721407
1.644094
1.644094
1.737001
1.737001
1.808015
1.808015
1.452033
1.452033
1.564657
1.564657
1.586267
1.586267
1.544404
1.544404
1.645818
1.645818
1.671803
1.671803
1.628316
1.628316
1.69726
1.735044
1.575904
1.575904
1.667877
1.667877
1.614034
1.614034
1.632953
1.632953
1.717807
1.717807
1.79467
1.79467
1.503668
1.694019
1.480074
1.480074
1.528222
1.528222
1.546265
1.546265
1.60209
1.60209
1.569589
1.569589
1.654063
1.654063
1.609429
1.609429
1.531381
1.531381
1.646549
1.646549
1.540402
1.540402
1.441183
1.441183
1.616604
1.616604
1.710865
1.710865
1.551342
1.551342
1.525979
1.525979
1.528588
1.528588
1.566222
1.566222
1.586894
1.586894
1.517286
1.517286
1.547337
1.547337
1.485632
1.485632
1.592793
1.592793
1.558891
1.558891
1.587059
1.587059
1.606124
1.606124
1.520877
1.520877
1.543647
1.543647
1.570637
1.570637
1.615014
1.615014
1.557222
1.557222
1.570899
1.570899
1.52281
1.52281
1.694421
1.694421
1.580758
1.580758
1.655807
1.655807
1.446669
1.446669
1.436287
1.436287
1.600178
1.600178
1.778402
1.748234
1.536517
1.536517
1.549497
1.549497
1.489242
1.489242
1.431801
1.431801
1.641021
1.641021
1.682334
1.682334
1.698832
1.698832
1.57152
1.57152
1.770623
1.770623
1.651949
1.651949
1.806715
1.806715
1.519887
1.519887
1.631307
1.631307
1.57535
1.57535
1.672171
1.672171
1.496913
1.496913
1.563585
1.563585
1.626427
1.626427
1.617461
1.617461
1.5075
1.572253
1.569143
1.569143
1.539209
1.539209
1.738598
1.738598
1.509586
1.509586
1.79657
1.79657
1.56332
1.56332
1.533913
1.533913
1.701439
1.701439
1.511213
1.511213
1.622535
1.622535
1.571123
1.571123
1.64849
1.64849
1.779651
1.779651
1.79383
1.79383
1.558496
1.558496
1.522086
1.522086
1.657628
1.657628
1.521823
1.521823
1.481452
1.481452
1.552115
1.552115
1.558574
1.558574
1.747759
1.747759
1.459291
1.459291
1.576505
1.576505
1.667464
1.667464
1.505315
1.505315
1.78745
1.78745
1.79028
1.79028
1.60857
1.60857
1.614959
1.614959
1.585671
1.585671
1.484803
1.484803
