1.469132
1.499953
1.47082
1.460104
1.460738
1.377225
1.500725
1.424331
1.476203
1.350393
1.392176
1.535444
1.413581
1.412657
1.37978
1.461966
1.421713
1.376413
1.349134
1.334729
1.347572
1.372424
1.396713
1.429118
1.313197
1.319518
1.372176
1.322429
1.399315
1.558227
1.398983
1.389063
1.427073
1.467322
1.356551
1.422842
1.346409
1.389139
1.539398
1.370113
1.419024
1.356853
1.513086
1.390641
1.448684
1.373226
1.333031
1.325735
1.601749
1.406004
1.48103
1.322294
1.453787
1.356492
1.539506
1.560597
1.552646
1.543372
1.356484
1.348834
1.457279
1.498981
1.33571
1.291613
1.356967
1.363964
1.419751
1.454065
1.429156
1.423434
1.536173
1.55778
1.551365
1.439215
1.51306
1.471703
1.362825
1.380203
1.439547
1.342052
1.352526
1.390275
1.494807
1.42779
1.486566
1.461933
1.425184
1.437237
1.415895
1.354598
1.442692
1.423802
1.391187
1.379644
1.394648
1.446691
1.426633
1.416715
1.362737
1.401544
1.414188
1.340296
1.463748
1.505247
1.365745
1.340937
1.347563
1.355956
1.410449
1.381419
1.453246
1.412408
1.423824
1.408048
1.396394
1.364443
1.350544
1.357264
1.540417
1.403378
1.547195
1.504152
1.403662
1.43033
1.297343
1.411566
1.275659
1.348966
1.371124
1.406003
1.380648
1.426709
1.364752
1.390519
1.329393
1.375127
1.408955
1.442768
1.372279
1.370609
1.428419
1.367486
1.394489
1.469529
1.441304
1.461668
1.486853
1.356119
1.418646
1.389876
1.438769
1.474517
1.414765
1.423136
1.429606
1.418617
1.606099
1.432302
1.435739
1.548244
1.478257
1.510441
1.473121
1.429789
1.431109
1.376922
1.512426
1.3671
1.395484
1.447812
1.525929
1.539981
1.417865
1.406031
1.407899
1.451159
1.614498
1.493945
1.350335
1.375833
1.473445
1.539294
1.330453
1.36089
1.344282
1.335746
1.322894
1.376472
1.409398
1.404308
1.38614
1.398269
1.487931
1.402312
1.514015
1.429162
1.422982
1.424617
1.390299
1.319679
1.330283
1.305858
1.394727
1.307492
1.393776
1.350061
1.455285
1.394081
1.391252
1.411572
1.487865
1.459363
1.455308
1.430659
1.48893
1.401495
1.392491
1.420851
1.42224
1.426404
1.398703
1.43267
1.483032
1.412109
1.32858
1.326682
1.309325
1.449221
1.38033
1.442244
1.418803
1.413518
1.411098
1.340443
1.405507
1.328372
1.317347
1.536914
1.302803
1.33049
1.435775
1.380002
1.367924
1.391762
1.39375
1.462358
1.436508
1.494499
1.516341
1.395562
1.354356
1.39294
1.510868
1.463209
1.410306
1.411385
1.392957
1.374053
1.50357
1.470163
1.475526
1.481549
1.486534
1.412275
1.482962
1.489588
1.510757
1.561622
1.401485
1.42455
1.424607
1.420707
1.45286
1.386794
1.42072
1.400825
1.470087
1.445195
1.470362
1.450931
1.385451
1.372951
1.426799
1.434024
1.42206
1.452013
1.433048
1.414266
1.38233
1.406041
1.367535
1.451665
1.401042
1.478435
1.28464
1.360132
1.366304
1.375827
1.314097
1.415382
1.467271
1.385901
1.473522
1.517433
1.399301
1.438171
1.370735
1.401876
1.398088
1.376611
1.413332
1.385965
1.394793
1.371246
1.362897
1.340958
1.444251
1.327412
1.374329
1.254527
1.319809
1.31078
1.326872
1.318757
1.404128
1.328565
1.411323
1.396939
1.447088
1.452915
1.386292
1.390768
1.376543
1.401057
1.440471
1.406624
1.327862
1.377552
1.47697
1.350494
1.379249
1.346694
1.351275
1.335309
1.447027
1.36462
1.502904
1.441935
1.574612
1.449112
1.419346
1.417562
1.353174
1.326028
1.494743
1.423228
1.467782
1.398236
1.506976
1.46095
1.558019
1.535546
1.580735
1.65855
1.590687
1.553617
1.625639
1.666612
1.474504
1.516491
1.520884
1.388704
1.364443
1.438944
1.435627
1.454864
1.509742
1.468358
1.517885
1.549156
1.339662
1.337698
1.301681
1.388878
1.513443
1.485323
1.324605
1.458156
1.482616
1.472893
1.447961
1.447611
1.415581
1.475019
1.469255
1.494314
1.405887
1.412229
1.434048
1.479431
1.519761
1.648892
1.599706
1.440773
1.557721
1.538159
1.347928
1.466546
1.433508
1.392721
1.475962
1.501963
1.579715
1.4574
1.49252
1.450994
1.442642
1.411424
1.409347
1.546092
1.453755
1.617084
1.36279
1.455975
1.540161
1.594026
1.433069
1.554849
1.522945
1.46825
1.48519
1.560799
1.445565
1.337142
1.426833
1.478329
1.468323
1.626978
1.521212
1.509618
1.481394
1.459147
1.331592
1.563087
1.493088
1.445297
1.478069
1.523819
1.473386
1.497954
1.525504
1.464053
1.404271
1.447529
1.460111
1.491435
1.4907
1.552426
1.511764
1.420502
1.563976
1.569702
1.466083
1.355796
1.461454
1.452369
1.424559
1.422729
1.548752
1.43678
1.43891
1.500649
1.363483
1.484117
1.418014
1.439892
1.448416
1.394968
1.604561
1.550072
1.367183
1.363027
1.378326
1.340494
1.443553
1.417486
1.483654
1.374414
1.553919
1.498148
1.497755
1.466189
1.550212
1.454011
1.501818
1.502162
1.457887
1.508808
1.490033
1.484095
1.346676
1.342787
1.472933
1.459657
1.480143
1.538917
1.481115
1.517657
1.463701
1.478571
1.423134
1.395796
1.49939
1.560391
1.416228
1.443395
1.499019
1.486465
1.589806
1.544248
1.425806
1.424353
1.528008
1.626181
1.556371
1.494107
1.498999
1.498074
1.608045
1.578836
1.563069
1.45713
1.517928
1.51746
1.538701
1.505845
1.533916
1.51628
1.437084
1.55202
1.507228
1.514419
1.64911
1.539138
1.544289
1.576473
1.555178
1.573835
1.552022
1.605076
1.581588
1.567878
1.572893
1.523903
1.549252
1.465469
1.486351
1.420561
1.485589
1.568115
1.527847
1.559261
1.597458
1.572514
1.678544
1.568139
1.522611
1.494974
1.550922
1.567809
1.546172
1.459051
1.432271
1.440247
1.393621
1.379604
1.446977
1.423858
1.475694
1.445486
1.57011
1.520622
1.404849
1.403938
1.444003
1.481406
1.453629
1.444875
1.472946
1.505766
1.487073
1.467967
1.387545
1.459736
1.46643
1.352671
1.44124
1.452283
1.467254
1.511555
1.482384
1.411502
1.516374
1.496325
1.533384
1.478978
1.597176
1.488598
1.482483
1.491543
1.500248
1.553591
1.505007
1.418075
1.599336
1.601848
1.550586
1.530001
1.6319
1.513432
1.492956
1.544828
1.519577
1.686847
1.55163
1.565669
1.564566
1.562296
1.558403
1.57663
1.582291
1.593745
1.501796
1.461928
1.541332
1.520183
1.57921
1.637131
1.577051
1.55577
1.63205
1.605209
1.491184
1.385267
1.506481
1.51607
1.534461
1.50762
1.505436
1.462588
1.544826
1.498207
1.338521
1.394656
1.324144
1.298979
1.321635
1.341904
1.499627
1.47177
1.360871
1.329281
1.33523
1.521191
1.374225
1.400362
1.449538
1.390555
1.360475
1.465434
1.333461
1.404056
1.450046
1.400004
1.464317
1.374164
1.403597
1.412268
1.453463
1.464557
1.376803
1.383251
1.42838
1.405822
1.470062
1.471833
1.386142
1.444765
1.544908
1.503793
1.509153
1.545335
1.390133
1.420673
1.460953
1.369786
1.484147
1.452759
1.457564
1.386471
1.491468
1.471608
1.417818
1.344528
1.397249
1.447424
1.46733
1.555461
